               -118.8794799194
          0.000000051      -0.000000003       0.000000006
         -0.000000003       0.000000055       0.000000003
          0.000000006       0.000000003       0.000000293
           9
  2    34      -0.000002725      -0.000001582      -0.000002301  Se
  1    49       0.000011349       0.000006570       0.000019989  In
  2    34       0.000005856       0.000003372      -0.000015796  Se
  1    49      -0.000006379      -0.000003682       0.000001896  In
  2    34      -0.000008696      -0.000005019      -0.000022648  Se
  2    34      -0.000006369      -0.000003666      -0.000004322  Se
  1    49       0.000001202       0.000000683      -0.000020589  In
  1    49       0.000001920       0.000001107       0.000014358  In
  2    34       0.000005005       0.000002893      -0.000021398  Se
