   325
     1   -0.000007   -0.476889    0.000000       0.001600
     2   -0.000006   -0.437148    0.000000       0.001600
     3   -0.000006   -0.397408    0.000000       0.001600
     4   -0.000005   -0.357667    0.000000       0.001600
     5   -0.000005   -0.317926    0.000000       0.001600
     6   -0.000004   -0.278185    0.000000       0.001600
     7   -0.000003   -0.238445    0.000000       0.001600
     8   -0.000003   -0.198704    0.000000       0.001600
     9   -0.000002   -0.158963    0.000000       0.001600
    10   -0.000002   -0.119222    0.000000       0.001600
    11   -0.000001   -0.079482    0.000000       0.001600
    12   -0.000001   -0.039741    0.000000       0.001600
    13    0.000000    0.000000    0.000000       0.001600
    14    0.000001    0.039741    0.000000       0.001600
    15    0.000001    0.079482    0.000000       0.001600
    16    0.000002    0.119222    0.000000       0.001600
    17    0.000002    0.158963    0.000000       0.001600
    18    0.000003    0.198704    0.000000       0.001600
    19    0.000003    0.238445    0.000000       0.001600
    20    0.000004    0.278185    0.000000       0.001600
    21    0.000005    0.317926    0.000000       0.001600
    22    0.000005    0.357667    0.000000       0.001600
    23    0.000006    0.397408    0.000000       0.001600
    24    0.000006    0.437148    0.000000       0.001600
    25    0.000007    0.476889    0.000000       0.001600
    26    0.034410   -0.496759    0.000000       0.003200
    27    0.034410   -0.457018    0.000000       0.003200
    28    0.034411   -0.417278    0.000000       0.003200
    29    0.034412   -0.377537    0.000000       0.003200
    30    0.034412   -0.337796    0.000000       0.003200
    31    0.034413   -0.298055    0.000000       0.003200
    32    0.034413   -0.258315    0.000000       0.003200
    33    0.034414   -0.218574    0.000000       0.003200
    34    0.034414   -0.178833    0.000000       0.003200
    35    0.034415   -0.139092    0.000000       0.003200
    36    0.034416   -0.099351    0.000000       0.003200
    37    0.034416   -0.059611    0.000000       0.003200
    38    0.034417   -0.019870    0.000000       0.003200
    39    0.034417    0.019871    0.000000       0.003200
    40    0.034418    0.059612    0.000000       0.003200
    41    0.034419    0.099352    0.000000       0.003200
    42    0.034419    0.139093    0.000000       0.003200
    43    0.034420    0.178834    0.000000       0.003200
    44    0.034420    0.218575    0.000000       0.003200
    45    0.034421    0.258316    0.000000       0.003200
    46    0.034421    0.298056    0.000000       0.003200
    47    0.034422    0.337797    0.000000       0.003200
    48    0.034423    0.377538    0.000000       0.003200
    49    0.034423    0.417279    0.000000       0.003200
    50    0.034424    0.457019    0.000000       0.003200
    51    0.068827   -0.516629    0.000000       0.003200
    52    0.068827   -0.476888    0.000000       0.003200
    53    0.068828   -0.437147    0.000000       0.003200
    54    0.068828   -0.397407    0.000000       0.003200
    55    0.068829   -0.357666    0.000000       0.003200
    56    0.068830   -0.317925    0.000000       0.003200
    57    0.068830   -0.278184    0.000000       0.003200
    58    0.068831   -0.238444    0.000000       0.003200
    59    0.068831   -0.198703    0.000000       0.003200
    60    0.068832   -0.158962    0.000000       0.003200
    61    0.068832   -0.119221    0.000000       0.003200
    62    0.068833   -0.079481    0.000000       0.003200
    63    0.068834   -0.039740    0.000000       0.003200
    64    0.068834    0.000001    0.000000       0.003200
    65    0.068835    0.039742    0.000000       0.003200
    66    0.068835    0.079483    0.000000       0.003200
    67    0.068836    0.119223    0.000000       0.003200
    68    0.068837    0.158964    0.000000       0.003200
    69    0.068837    0.198705    0.000000       0.003200
    70    0.068838    0.238446    0.000000       0.003200
    71    0.068838    0.278186    0.000000       0.003200
    72    0.068839    0.317927    0.000000       0.003200
    73    0.068839    0.357668    0.000000       0.003200
    74    0.068840    0.397409    0.000000       0.003200
    75    0.068841    0.437149    0.000000       0.003200
    76    0.103243   -0.536499    0.000000       0.003200
    77    0.103244   -0.496758    0.000000       0.003200
    78    0.103245   -0.457017    0.000000       0.003200
    79    0.103245   -0.417277    0.000000       0.003200
    80    0.103246   -0.377536    0.000000       0.003200
    81    0.103246   -0.337795    0.000000       0.003200
    82    0.103247   -0.298054    0.000000       0.003200
    83    0.103248   -0.258314    0.000000       0.003200
    84    0.103248   -0.218573    0.000000       0.003200
    85    0.103249   -0.178832    0.000000       0.003200
    86    0.103249   -0.139091    0.000000       0.003200
    87    0.103250   -0.099350    0.000000       0.003200
    88    0.103250   -0.059610    0.000000       0.003200
    89    0.103251   -0.019869    0.000000       0.003200
    90    0.103252    0.019872    0.000000       0.003200
    91    0.103252    0.059613    0.000000       0.003200
    92    0.103253    0.099353    0.000000       0.003200
    93    0.103253    0.139094    0.000000       0.003200
    94    0.103254    0.178835    0.000000       0.003200
    95    0.103254    0.218576    0.000000       0.003200
    96    0.103255    0.258317    0.000000       0.003200
    97    0.103256    0.298057    0.000000       0.003200
    98    0.103256    0.337798    0.000000       0.003200
    99    0.103257    0.377539    0.000000       0.003200
   100    0.103257    0.417280    0.000000       0.003200
   101    0.137660   -0.556369    0.000000       0.003200
   102    0.137661   -0.516628    0.000000       0.003200
   103    0.137661   -0.476887    0.000000       0.003200
   104    0.137662   -0.437146    0.000000       0.003200
   105    0.137663   -0.397406    0.000000       0.003200
   106    0.137663   -0.357665    0.000000       0.003200
   107    0.137664   -0.317924    0.000000       0.003200
   108    0.137664   -0.278183    0.000000       0.003200
   109    0.137665   -0.238443    0.000000       0.003200
   110    0.137665   -0.198702    0.000000       0.003200
   111    0.137666   -0.158961    0.000000       0.003200
   112    0.137667   -0.119220    0.000000       0.003200
   113    0.137667   -0.079480    0.000000       0.003200
   114    0.137668   -0.039739    0.000000       0.003200
   115    0.137668    0.000002    0.000000       0.003200
   116    0.137669    0.039743    0.000000       0.003200
   117    0.137670    0.079484    0.000000       0.003200
   118    0.137670    0.119224    0.000000       0.003200
   119    0.137671    0.158965    0.000000       0.003200
   120    0.137671    0.198706    0.000000       0.003200
   121    0.137672    0.238447    0.000000       0.003200
   122    0.137672    0.278187    0.000000       0.003200
   123    0.137673    0.317928    0.000000       0.003200
   124    0.137674    0.357669    0.000000       0.003200
   125    0.137674    0.397410    0.000000       0.003200
   126    0.172077   -0.576239    0.000000       0.003200
   127    0.172078   -0.536498    0.000000       0.003200
   128    0.172078   -0.496757    0.000000       0.003200
   129    0.172079   -0.457016    0.000000       0.003200
   130    0.172079   -0.417276    0.000000       0.003200
   131    0.172080   -0.377535    0.000000       0.003200
   132    0.172081   -0.337794    0.000000       0.003200
   133    0.172081   -0.298053    0.000000       0.003200
   134    0.172082   -0.258313    0.000000       0.003200
   135    0.172082   -0.218572    0.000000       0.003200
   136    0.172083   -0.178831    0.000000       0.003200
   137    0.172083   -0.139090    0.000000       0.003200
   138    0.172084   -0.099349    0.000000       0.003200
   139    0.172085   -0.059609    0.000000       0.003200
   140    0.172085   -0.019868    0.000000       0.003200
   141    0.172086    0.019873    0.000000       0.003200
   142    0.172086    0.059614    0.000000       0.003200
   143    0.172087    0.099354    0.000000       0.003200
   144    0.172088    0.139095    0.000000       0.003200
   145    0.172088    0.178836    0.000000       0.003200
   146    0.172089    0.218577    0.000000       0.003200
   147    0.172089    0.258318    0.000000       0.003200
   148    0.172090    0.298058    0.000000       0.003200
   149    0.172090    0.337799    0.000000       0.003200
   150    0.172091    0.377540    0.000000       0.003200
   151    0.206494   -0.596109    0.000000       0.003200
   152    0.206494   -0.556368    0.000000       0.003200
   153    0.206495   -0.516627    0.000000       0.003200
   154    0.206496   -0.476886    0.000000       0.003200
   155    0.206496   -0.437145    0.000000       0.003200
   156    0.206497   -0.397405    0.000000       0.003200
   157    0.206497   -0.357664    0.000000       0.003200
   158    0.206498   -0.317923    0.000000       0.003200
   159    0.206499   -0.278182    0.000000       0.003200
   160    0.206499   -0.238442    0.000000       0.003200
   161    0.206500   -0.198701    0.000000       0.003200
   162    0.206500   -0.158960    0.000000       0.003200
   163    0.206501   -0.119219    0.000000       0.003200
   164    0.206501   -0.079479    0.000000       0.003200
   165    0.206502   -0.039738    0.000000       0.003200
   166    0.206503    0.000003    0.000000       0.003200
   167    0.206503    0.039744    0.000000       0.003200
   168    0.206504    0.079485    0.000000       0.003200
   169    0.206504    0.119225    0.000000       0.003200
   170    0.206505    0.158966    0.000000       0.003200
   171    0.206505    0.198707    0.000000       0.003200
   172    0.206506    0.238448    0.000000       0.003200
   173    0.206507    0.278188    0.000000       0.003200
   174    0.206507    0.317929    0.000000       0.003200
   175    0.206508    0.357670    0.000000       0.003200
   176    0.240911   -0.615978    0.000000       0.003200
   177    0.240911   -0.576238    0.000000       0.003200
   178    0.240912   -0.536497    0.000000       0.003200
   179    0.240912   -0.496756    0.000000       0.003200
   180    0.240913   -0.457015    0.000000       0.003200
   181    0.240914   -0.417275    0.000000       0.003200
   182    0.240914   -0.377534    0.000000       0.003200
   183    0.240915   -0.337793    0.000000       0.003200
   184    0.240915   -0.298052    0.000000       0.003200
   185    0.240916   -0.258312    0.000000       0.003200
   186    0.240916   -0.218571    0.000000       0.003200
   187    0.240917   -0.178830    0.000000       0.003200
   188    0.240918   -0.139089    0.000000       0.003200
   189    0.240918   -0.099348    0.000000       0.003200
   190    0.240919   -0.059608    0.000000       0.003200
   191    0.240919   -0.019867    0.000000       0.003200
   192    0.240920    0.019874    0.000000       0.003200
   193    0.240921    0.059615    0.000000       0.003200
   194    0.240921    0.099355    0.000000       0.003200
   195    0.240922    0.139096    0.000000       0.003200
   196    0.240922    0.178837    0.000000       0.003200
   197    0.240923    0.218578    0.000000       0.003200
   198    0.240923    0.258319    0.000000       0.003200
   199    0.240924    0.298059    0.000000       0.003200
   200    0.240925    0.337800    0.000000       0.003200
   201    0.275328   -0.635848    0.000000       0.003200
   202    0.275328   -0.596108    0.000000       0.003200
   203    0.275329   -0.556367    0.000000       0.003200
   204    0.275329   -0.516626    0.000000       0.003200
   205    0.275330   -0.476885    0.000000       0.003200
   206    0.275330   -0.437144    0.000000       0.003200
   207    0.275331   -0.397404    0.000000       0.003200
   208    0.275332   -0.357663    0.000000       0.003200
   209    0.275332   -0.317922    0.000000       0.003200
   210    0.275333   -0.278181    0.000000       0.003200
   211    0.275333   -0.238441    0.000000       0.003200
   212    0.275334   -0.198700    0.000000       0.003200
   213    0.275334   -0.158959    0.000000       0.003200
   214    0.275335   -0.119218    0.000000       0.003200
   215    0.275336   -0.079478    0.000000       0.003200
   216    0.275336   -0.039737    0.000000       0.003200
   217    0.275337    0.000004    0.000000       0.003200
   218    0.275337    0.039745    0.000000       0.003200
   219    0.275338    0.079486    0.000000       0.003200
   220    0.275339    0.119226    0.000000       0.003200
   221    0.275339    0.158967    0.000000       0.003200
   222    0.275340    0.198708    0.000000       0.003200
   223    0.275340    0.238449    0.000000       0.003200
   224    0.275341    0.278189    0.000000       0.003200
   225    0.275341    0.317930    0.000000       0.003200
   226    0.309744   -0.655718    0.000000       0.003200
   227    0.309745   -0.615977    0.000000       0.003200
   228    0.309745   -0.576237    0.000000       0.003200
   229    0.309746   -0.536496    0.000000       0.003200
   230    0.309747   -0.496755    0.000000       0.003200
   231    0.309747   -0.457014    0.000000       0.003200
   232    0.309748   -0.417274    0.000000       0.003200
   233    0.309748   -0.377533    0.000000       0.003200
   234    0.309749   -0.337792    0.000000       0.003200
   235    0.309750   -0.298051    0.000000       0.003200
   236    0.309750   -0.258311    0.000000       0.003200
   237    0.309751   -0.218570    0.000000       0.003200
   238    0.309751   -0.178829    0.000000       0.003200
   239    0.309752   -0.139088    0.000000       0.003200
   240    0.309752   -0.099347    0.000000       0.003200
   241    0.309753   -0.059607    0.000000       0.003200
   242    0.309754   -0.019866    0.000000       0.003200
   243    0.309754    0.019875    0.000000       0.003200
   244    0.309755    0.059616    0.000000       0.003200
   245    0.309755    0.099356    0.000000       0.003200
   246    0.309756    0.139097    0.000000       0.003200
   247    0.309756    0.178838    0.000000       0.003200
   248    0.309757    0.218579    0.000000       0.003200
   249    0.309758    0.258320    0.000000       0.003200
   250    0.309758    0.298060    0.000000       0.003200
   251    0.344161   -0.675588    0.000000       0.003200
   252    0.344162   -0.635847    0.000000       0.003200
   253    0.344162   -0.596107    0.000000       0.003200
   254    0.344163   -0.556366    0.000000       0.003200
   255    0.344163   -0.516625    0.000000       0.003200
   256    0.344164   -0.476884    0.000000       0.003200
   257    0.344165   -0.437143    0.000000       0.003200
   258    0.344165   -0.397403    0.000000       0.003200
   259    0.344166   -0.357662    0.000000       0.003200
   260    0.344166   -0.317921    0.000000       0.003200
   261    0.344167   -0.278180    0.000000       0.003200
   262    0.344167   -0.238440    0.000000       0.003200
   263    0.344168   -0.198699    0.000000       0.003200
   264    0.344169   -0.158958    0.000000       0.003200
   265    0.344169   -0.119217    0.000000       0.003200
   266    0.344170   -0.079477    0.000000       0.003200
   267    0.344170   -0.039736    0.000000       0.003200
   268    0.344171    0.000005    0.000000       0.003200
   269    0.344172    0.039746    0.000000       0.003200
   270    0.344172    0.079487    0.000000       0.003200
   271    0.344173    0.119227    0.000000       0.003200
   272    0.344173    0.158968    0.000000       0.003200
   273    0.344174    0.198709    0.000000       0.003200
   274    0.344174    0.238450    0.000000       0.003200
   275    0.344175    0.278190    0.000000       0.003200
   276    0.378578   -0.695458    0.000000       0.003200
   277    0.378579   -0.655717    0.000000       0.003200
   278    0.378579   -0.615976    0.000000       0.003200
   279    0.378580   -0.576236    0.000000       0.003200
   280    0.378580   -0.536495    0.000000       0.003200
   281    0.378581   -0.496754    0.000000       0.003200
   282    0.378581   -0.457013    0.000000       0.003200
   283    0.378582   -0.417273    0.000000       0.003200
   284    0.378583   -0.377532    0.000000       0.003200
   285    0.378583   -0.337791    0.000000       0.003200
   286    0.378584   -0.298050    0.000000       0.003200
   287    0.378584   -0.258310    0.000000       0.003200
   288    0.378585   -0.218569    0.000000       0.003200
   289    0.378585   -0.178828    0.000000       0.003200
   290    0.378586   -0.139087    0.000000       0.003200
   291    0.378587   -0.099346    0.000000       0.003200
   292    0.378587   -0.059606    0.000000       0.003200
   293    0.378588   -0.019865    0.000000       0.003200
   294    0.378588    0.019876    0.000000       0.003200
   295    0.378589    0.059617    0.000000       0.003200
   296    0.378590    0.099357    0.000000       0.003200
   297    0.378590    0.139098    0.000000       0.003200
   298    0.378591    0.178839    0.000000       0.003200
   299    0.378591    0.218580    0.000000       0.003200
   300    0.378592    0.258321    0.000000       0.003200
   301    0.412995   -0.715328    0.000000       0.003200
   302    0.412995   -0.675587    0.000000       0.003200
   303    0.412996   -0.635846    0.000000       0.003200
   304    0.412996   -0.596106    0.000000       0.003200
   305    0.412997   -0.556365    0.000000       0.003200
   306    0.412998   -0.516624    0.000000       0.003200
   307    0.412998   -0.476883    0.000000       0.003200
   308    0.412999   -0.437142    0.000000       0.003200
   309    0.412999   -0.397402    0.000000       0.003200
   310    0.413000   -0.357661    0.000000       0.003200
   311    0.413001   -0.317920    0.000000       0.003200
   312    0.413001   -0.278179    0.000000       0.003200
   313    0.413002   -0.238439    0.000000       0.003200
   314    0.413002   -0.198698    0.000000       0.003200
   315    0.413003   -0.158957    0.000000       0.003200
   316    0.413003   -0.119216    0.000000       0.003200
   317    0.413004   -0.079476    0.000000       0.003200
   318    0.413005   -0.039735    0.000000       0.003200
   319    0.413005    0.000006    0.000000       0.003200
   320    0.413006    0.039747    0.000000       0.003200
   321    0.413006    0.079488    0.000000       0.003200
   322    0.413007    0.119228    0.000000       0.003200
   323    0.413007    0.158969    0.000000       0.003200
   324    0.413008    0.198710    0.000000       0.003200
   325    0.413009    0.238451    0.000000       0.003200
