               -118.8798047773
          0.000000006      -0.000000001       0.000000124
         -0.000000001       0.000000006      -0.000000105
          0.000000124      -0.000000105       0.000000056
           9
  2    34       0.000009458      -0.000001169      -0.000002645  Se
  1    49       0.000010462      -0.000000183      -0.000024351  In
  2    34      -0.000008000       0.000000046      -0.000000931  Se
  1    49      -0.000016604       0.000011668      -0.000021509  In
  2    34      -0.000016418       0.000011200      -0.000005726  Se
  2    34       0.000008116      -0.000027727      -0.000006571  Se
  1    49       0.000010038      -0.000029441      -0.000007015  In
  1    49      -0.000001681       0.000007344       0.000007895  In
  2    34      -0.000004017       0.000011783      -0.000001727  Se
